Storing raw sequence at /tmp/rawseq143572.000
Sequence loaded successfully.
/home/maeperez/projects/def-bacc/maeperez/Clams/VesicSymb_Evolution/genomes/A.diagonalis.gbk 20322 base pairs.
Storing raw sequence at /tmp/rawseq143572.001
Sequence loaded successfully.
/home/maeperez/projects/def-bacc/maeperez/Clams/VesicSymb_Evolution/genomes/A.gigas1.gbk 15004 base pairs.
Storing raw sequence at /tmp/rawseq143572.002
Sequence loaded successfully.
/home/maeperez/projects/def-bacc/maeperez/Clams/VesicSymb_Evolution/genomes/A.gigas2.gbk 15758 base pairs.
Storing raw sequence at /tmp/rawseq143572.003
Sequence loaded successfully.
/home/maeperez/projects/def-bacc/maeperez/Clams/VesicSymb_Evolution/genomes/A.mariana_ref.gbk 15927 base pairs.
Storing raw sequence at /tmp/rawseq143572.004
Sequence loaded successfully.
/home/maeperez/projects/def-bacc/maeperez/Clams/VesicSymb_Evolution/genomes/A.phaseoliformis.gbk 17997 base pairs.
Storing raw sequence at /tmp/rawseq143572.005
Sequence loaded successfully.
/home/maeperez/projects/def-bacc/maeperez/Clams/VesicSymb_Evolution/genomes/A.phaseoliformis_ref.gbk 19424 base pairs.
Storing raw sequence at /tmp/rawseq143572.006
Sequence loaded successfully.
/home/maeperez/projects/def-bacc/maeperez/Clams/VesicSymb_Evolution/genomes/A.southwardae.gbk 19082 base pairs.
Storing raw sequence at /tmp/rawseq143572.007
Sequence loaded successfully.
/home/maeperez/projects/def-bacc/maeperez/Clams/VesicSymb_Evolution/genomes/C.magnifica.gbk 19738 base pairs.
Storing raw sequence at /tmp/rawseq143572.008
Sequence loaded successfully.
/home/maeperez/projects/def-bacc/maeperez/Clams/VesicSymb_Evolution/genomes/C.pacifica.gbk 19910 base pairs.
Storing raw sequence at /tmp/rawseq143572.009
Sequence loaded successfully.
/home/maeperez/projects/def-bacc/maeperez/Clams/VesicSymb_Evolution/genomes/C.rectimargo.gbk 19326 base pairs.
Storing raw sequence at /tmp/rawseq143572.010
Sequence loaded successfully.
/home/maeperez/projects/def-bacc/maeperez/Clams/VesicSymb_Evolution/genomes/MK948426.gbk 17374 base pairs.
Storing raw sequence at /tmp/rawseq143572.011
Sequence loaded successfully.
/home/maeperez/projects/def-bacc/maeperez/Clams/VesicSymb_Evolution/genomes/MT528632.1.gbk 17079 base pairs.
Storing raw sequence at /tmp/rawseq143572.012
Sequence loaded successfully.
/home/maeperez/projects/def-bacc/maeperez/Clams/VesicSymb_Evolution/genomes/P.extenta.gbk 18107 base pairs.
Storing raw sequence at /tmp/rawseq143572.013
Sequence loaded successfully.
/home/maeperez/projects/def-bacc/maeperez/Clams/VesicSymb_Evolution/genomes/P.okutanii_ref.gbk 16336 base pairs.
Storing raw sequence at /tmp/rawseq143572.014
Sequence loaded successfully.
/home/maeperez/projects/def-bacc/maeperez/Clams/VesicSymb_Evolution/genomes/P.soyoae1.gbk 19298 base pairs.
Storing raw sequence at /tmp/rawseq143572.015
Sequence loaded successfully.
/home/maeperez/projects/def-bacc/maeperez/Clams/VesicSymb_Evolution/genomes/P.soyoae2.gbk 19268 base pairs.
Storing raw sequence at /tmp/rawseq143572.016
Sequence loaded successfully.
/home/maeperez/projects/def-bacc/maeperez/Clams/VesicSymb_Evolution/genomes/X.pliocardia.gbk 18886 base pairs.
Storing raw sequence at /tmp/rawseq143572.017
Sequence loaded successfully.
/home/maeperez/projects/def-bacc/maeperez/Clams/VesicSymb_Evolution/genomes/M.lamarckii.gbk 21209 base pairs.
Using weight 11 mers for initial seeds
Sorted mer list loaded successfully
Sorted mer list loaded successfully
Sorted mer list loaded successfully
Sorted mer list loaded successfully
Sorted mer list loaded successfully
Sorted mer list loaded successfully
Sorted mer list loaded successfully
Sorted mer list loaded successfully
Sorted mer list loaded successfully
Sorted mer list loaded successfully
Sorted mer list loaded successfully
Sorted mer list loaded successfully
Sorted mer list loaded successfully
Sorted mer list loaded successfully
Sorted mer list loaded successfully
Sorted mer list loaded successfully
Sorted mer list loaded successfully
Creating sorted mer list
Create time was: 0 seconds.
3%..6%..9%..12%..
15%..18%..21%..
24%..27%..30%..
33%..36%..39%..42%..
45%..48%..51%..
54%..57%..60%..
63%..64%..65%..67%..69%..72%..
75%..77%..80%..
83%..86%..88%..91%..
94%..96%..98%..99%..done.
using default bp penalty: 99136.6
using default bp estimate min score: 297410
Starting with 21458 multi-matches
Computing genome content distance matrix...


Genome conservation distance matrix: 
0	0.196909	0.168671	0.235496	0.26594	0.271957	0.271889	0.290569	0.299551	0.304062	0.181134	0.283205	0.208109	0.194429	0.211449	0.211313	0.298249	0.594589
0.196909	0	0.0632665	0.184275	0.217177	0.230336	0.239542	0.238951	0.265039	0.263179	0.159647	0.230749	0.161091	0.128343	0.177026	0.176505	0.249836	0.59493
0.168671	0.0632665	0	0.167666	0.194058	0.207237	0.212979	0.220571	0.245197	0.244921	0.1254	0.213262	0.134395	0.109264	0.140547	0.139987	0.232562	0.580648
0.235496	0.184275	0.167666	0	0.0617824	0.090653	0.0897266	0.177928	0.18255	0.196711	0.17958	0.161655	0.194819	0.170062	0.20169	0.20318	0.179707	0.529551
0.26594	0.217177	0.194058	0.0617824	0	0.052468	0.0958634	0.212694	0.207639	0.219697	0.203414	0.185489	0.222202	0.205475	0.22484	0.225738	0.204892	0.535735
0.271957	0.230336	0.207237	0.090653	0.052468	0	0.0984249	0.209332	0.217627	0.222486	0.211	0.200192	0.232642	0.225821	0.239139	0.23995	0.214182	0.539975
0.271889	0.239542	0.212979	0.0897266	0.0958634	0.0984249	0	0.212039	0.211812	0.221617	0.210654	0.200552	0.232654	0.226303	0.239454	0.242182	0.207995	0.544246
0.290569	0.238951	0.220571	0.177928	0.212694	0.209332	0.212039	0	0.25368	0.254313	0.220257	0.232777	0.244784	0.22284	0.245466	0.24606	0.24407	0.589575
0.299551	0.265039	0.245197	0.18255	0.207639	0.217627	0.211812	0.25368	0	0.181049	0.242639	0.160979	0.256924	0.244751	0.262516	0.260664	0.24444	0.548777
0.304062	0.263179	0.244921	0.196711	0.219697	0.222486	0.221617	0.254313	0.181049	0	0.246774	0.0576943	0.264566	0.251922	0.276852	0.275825	0.254092	0.557176
0.181134	0.159647	0.1254	0.17958	0.203414	0.211	0.210654	0.220257	0.242639	0.246774	0	0.225454	0.124762	0.106154	0.119686	0.120341	0.238538	0.570791
0.283205	0.230749	0.213262	0.161655	0.185489	0.200192	0.200552	0.232777	0.160979	0.0576943	0.225454	0	0.233901	0.213803	0.245714	0.247465	0.2308	0.545273
0.208109	0.161091	0.134395	0.194819	0.222202	0.232642	0.232654	0.244784	0.256924	0.264566	0.124762	0.233901	0	0.123753	0.152419	0.154526	0.257111	0.575147
0.194429	0.128343	0.109264	0.170062	0.205475	0.225821	0.226303	0.22284	0.244751	0.251922	0.106154	0.213803	0.123753	0	0.109246	0.110201	0.243235	0.583044
0.211449	0.177026	0.140547	0.20169	0.22484	0.239139	0.239454	0.245466	0.262516	0.276852	0.119686	0.245714	0.152419	0.109246	0	0.106156	0.260849	0.595096
0.211313	0.176505	0.139987	0.20318	0.225738	0.23995	0.242182	0.24606	0.260664	0.275825	0.120341	0.247465	0.154526	0.110201	0.106156	0	0.262945	0.596478
0.298249	0.249836	0.232562	0.179707	0.204892	0.214182	0.207995	0.24407	0.24444	0.254092	0.238538	0.2308	0.257111	0.243235	0.260849	0.262945	0	0.563078
0.594589	0.59493	0.580648	0.529551	0.535735	0.539975	0.544246	0.589575	0.548777	0.557176	0.570791	0.545273	0.575147	0.583044	0.595096	0.596478	0.563078	0

Writing guide tree to /home/maeperez/projects/def-bacc/maeperez/Clams/VesicSymb_Evolution/mauve_alignments/MITO.tree
reading tree...
initializing alignment tree...
Constructing seed occurrence lists for repeat detection
Calculating pairwise breakpoint distances
Pair 0, 1 has 81 initial LCBs
Using scaled bp penalty: 123713
Pair (0,1) has 1 well-supported breakpoints
Pair 0, 2 has 101 initial LCBs
Using scaled bp penalty: 142052
Pair (0,2) has 1 well-supported breakpoints
Pair 0, 3 has 260 initial LCBs
Using scaled bp penalty: 101595
Pair (0,3) has 1 well-supported breakpoints
Pair 0, 4 has 252 initial LCBs
Using scaled bp penalty: 86353.7
Pair (0,4) has 1 well-supported breakpoints
Pair 0, 5 has 274 initial LCBs
Using scaled bp penalty: 83557.3
Pair (0,5) has 2 well-supported breakpoints
Pair 0, 6 has 281 initial LCBs
Using scaled bp penalty: 83588.3
Pair (0,6) has 1 well-supported breakpoints
Pair 0, 7 has 234 initial LCBs
Using scaled bp penalty: 75335
Pair (0,7) has 2 well-supported breakpoints
Pair 0, 8 has 271 initial LCBs
Using scaled bp penalty: 71591.7
Pair (0,8) has 1 well-supported breakpoints
Pair 0, 9 has 293 initial LCBs
Using scaled bp penalty: 69765
Pair (0,9) has 1 well-supported breakpoints
Pair 0, 10 has 140 initial LCBs
Using scaled bp penalty: 133723
Pair (0,10) has 2 well-supported breakpoints
Pair 0, 11 has 262 initial LCBs
Using scaled bp penalty: 78511.9
Pair (0,11) has 1 well-supported breakpoints
Pair 0, 12 has 132 initial LCBs
Using scaled bp penalty: 116954
Pair (0,12) has 1 well-supported breakpoints
Pair 0, 13 has 116 initial LCBs
Using scaled bp penalty: 125248
Pair (0,13) has 1 well-supported breakpoints
Pair 0, 14 has 111 initial LCBs
Using scaled bp penalty: 114994
Pair (0,14) has 1 well-supported breakpoints
Pair 0, 15 has 109 initial LCBs
Using scaled bp penalty: 115073
Pair (0,15) has 1 well-supported breakpoints
Pair 0, 16 has 306 initial LCBs
Using scaled bp penalty: 72125.2
Pair (0,16) has 1 well-supported breakpoints
Pair 0, 17 has 514 initial LCBs
Using scaled bp penalty: 8034.09
Pair (0,17) has 4 well-supported breakpoints
Pair 1, 2 has 11 initial LCBs
Using scaled bp penalty: 228992
Pair (1,2) has 1 well-supported breakpoints
Pair 1, 3 has 206 initial LCBs
Using scaled bp penalty: 131683
Pair (1,3) has 1 well-supported breakpoints
Pair 1, 4 has 207 initial LCBs
Using scaled bp penalty: 111689
Pair (1,4) has 1 well-supported breakpoints
Pair 1, 5 has 206 initial LCBs
Using scaled bp penalty: 104366
Pair (1,5) has 2 well-supported breakpoints
Pair 1, 6 has 191 initial LCBs
Using scaled bp penalty: 99461.7
Pair (1,6) has 1 well-supported breakpoints
Pair 1, 7 has 141 initial LCBs
Using scaled bp penalty: 99771.2
Pair (1,7) has 2 well-supported breakpoints
Pair 1, 8 has 213 initial LCBs
Using scaled bp penalty: 86778.4
Pair (1,8) has 1 well-supported breakpoints
Pair 1, 9 has 219 initial LCBs
Using scaled bp penalty: 87660.2
Pair (1,9) has 1 well-supported breakpoints
Pair 1, 10 has 87 initial LCBs
Using scaled bp penalty: 148321
Pair (1,10) has 2 well-supported breakpoints
Pair 1, 11 has 197 initial LCBs
Using scaled bp penalty: 104142
Pair (1,11) has 1 well-supported breakpoints
Pair 1, 12 has 110 initial LCBs
Using scaled bp penalty: 147304
Pair (1,12) has 1 well-supported breakpoints
Pair 1, 13 has 59 initial LCBs
Using scaled bp penalty: 171688
Pair (1,13) has 1 well-supported breakpoints
Pair 1, 14 has 72 initial LCBs
Using scaled bp penalty: 136427
Pair (1,14) has 1 well-supported breakpoints
Pair 1, 15 has 67 initial LCBs
Using scaled bp penalty: 136773
Pair (1,15) has 1 well-supported breakpoints
Pair 1, 16 has 231 initial LCBs
Using scaled bp penalty: 94184.8
Pair (1,16) has 1 well-supported breakpoints
Pair 1, 17 has 415 initial LCBs
Using scaled bp penalty: 8007.12
Pair (1,17) has 4 well-supported breakpoints
Pair 2, 3 has 213 initial LCBs
Using scaled bp penalty: 142740
Pair (2,3) has 1 well-supported breakpoints
Pair 2, 4 has 221 initial LCBs
Using scaled bp penalty: 125479
Pair (2,4) has 1 well-supported breakpoints
Pair 2, 5 has 234 initial LCBs
Using scaled bp penalty: 117470
Pair (2,5) has 2 well-supported breakpoints
Pair 2, 6 has 200 initial LCBs
Using scaled bp penalty: 114104
Pair (2,6) has 1 well-supported breakpoints
Pair 2, 7 has 159 initial LCBs
Using scaled bp penalty: 109765
Pair (2,7) has 2 well-supported breakpoints
Pair 2, 8 has 222 initial LCBs
Using scaled bp penalty: 96536
Pair (2,8) has 1 well-supported breakpoints
Pair 2, 9 has 235 initial LCBs
Using scaled bp penalty: 96677.6
Pair (2,9) has 1 well-supported breakpoints
Pair 2, 10 has 102 initial LCBs
Using scaled bp penalty: 174018
Pair (2,10) has 2 well-supported breakpoints
Pair 2, 11 has 204 initial LCBs
Using scaled bp penalty: 113940
Pair (2,11) has 1 well-supported breakpoints
Pair 2, 12 has 98 initial LCBs
Using scaled bp penalty: 166969
Pair (2,12) has 1 well-supported breakpoints
Pair 2, 13 has 83 initial LCBs
Using scaled bp penalty: 187220
Pair (2,13) has 1 well-supported breakpoints
Pair 2, 14 has 75 initial LCBs
Using scaled bp penalty: 162272
Pair (2,14) has 1 well-supported breakpoints
Pair 2, 15 has 75 initial LCBs
Using scaled bp penalty: 162695
Pair (2,15) has 1 well-supported breakpoints
Pair 2, 16 has 245 initial LCBs
Using scaled bp penalty: 103164
Pair (2,16) has 1 well-supported breakpoints
Pair 2, 17 has 447 initial LCBs
Using scaled bp penalty: 9197.5
Pair (2,17) has 4 well-supported breakpoints
Pair 3, 4 has 20 initial LCBs
Using scaled bp penalty: 230446
Pair (3,4) has 1 well-supported breakpoints
Pair 3, 5 has 25 initial LCBs
Using scaled bp penalty: 203364
Pair (3,5) has 2 well-supported breakpoints
Pair 3, 6 has 24 initial LCBs
Using scaled bp penalty: 204194
Pair (3,6) has 1 well-supported breakpoints
Pair 3, 7 has 186 initial LCBs
Using scaled bp penalty: 135830
Pair (3,7) has 2 well-supported breakpoints
Pair 3, 8 has 242 initial LCBs
Using scaled bp penalty: 132801
Pair (3,8) has 1 well-supported breakpoints
Pair 3, 9 has 250 initial LCBs
Using scaled bp penalty: 123835
Pair (3,9) has 1 well-supported breakpoints
Pair 3, 10 has 228 initial LCBs
Using scaled bp penalty: 134741
Pair (3,10) has 2 well-supported breakpoints
Pair 3, 11 has 222 initial LCBs
Using scaled bp penalty: 146908
Pair (3,11) has 1 well-supported breakpoints
Pair 3, 12 has 261 initial LCBs
Using scaled bp penalty: 125006
Pair (3,12) has 1 well-supported breakpoints
Pair 3, 13 has 174 initial LCBs
Using scaled bp penalty: 141103
Pair (3,13) has 1 well-supported breakpoints
Pair 3, 14 has 236 initial LCBs
Using scaled bp penalty: 120793
Pair (3,14) has 1 well-supported breakpoints
Pair 3, 15 has 234 initial LCBs
Using scaled bp penalty: 119894
Pair (3,15) has 1 well-supported breakpoints
Pair 3, 16 has 251 initial LCBs
Using scaled bp penalty: 134658
Pair (3,16) has 1 well-supported breakpoints
Pair 3, 17 has 513 initial LCBs
Using scaled bp penalty: 14568.2
Pair (3,17) has 1 well-supported breakpoints
Pair 4, 5 has 20 initial LCBs
Using scaled bp penalty: 239735
Pair (4,5) has 2 well-supported breakpoints
Pair 4, 6 has 45 initial LCBs
Using scaled bp penalty: 198743
Pair (4,6) has 1 well-supported breakpoints
Pair 4, 7 has 204 initial LCBs
Using scaled bp penalty: 114269
Pair (4,7) has 2 well-supported breakpoints
Pair 4, 8 has 272 initial LCBs
Using scaled bp penalty: 117233
Pair (4,8) has 1 well-supported breakpoints
Pair 4, 9 has 297 initial LCBs
Using scaled bp penalty: 110257
Pair (4,9) has 1 well-supported breakpoints
Pair 4, 10 has 261 initial LCBs
Using scaled bp penalty: 119753
Pair (4,10) has 2 well-supported breakpoints
Pair 4, 11 has 272 initial LCBs
Using scaled bp penalty: 130901
Pair (4,11) has 1 well-supported breakpoints
Pair 4, 12 has 281 initial LCBs
Using scaled bp penalty: 108849
Pair (4,12) has 1 well-supported breakpoints
Pair 4, 13 has 189 initial LCBs
Using scaled bp penalty: 118518
Pair (4,13) has 1 well-supported breakpoints
Pair 4, 14 has 270 initial LCBs
Using scaled bp penalty: 107379
Pair (4,14) has 1 well-supported breakpoints
Pair 4, 15 has 269 initial LCBs
Using scaled bp penalty: 106883
Pair (4,15) has 1 well-supported breakpoints
Pair 4, 16 has 282 initial LCBs
Using scaled bp penalty: 118866
Pair (4,16) has 1 well-supported breakpoints
Pair 4, 17 has 534 initial LCBs
Using scaled bp penalty: 13817.2
Pair (4,17) has 1 well-supported breakpoints
Pair 5, 6 has 34 initial LCBs
Using scaled bp penalty: 196500
Pair (5,6) has 2 well-supported breakpoints
Pair 5, 7 has 235 initial LCBs
Using scaled bp penalty: 116234
Pair (5,7) has 1 well-supported breakpoints
Pair 5, 8 has 282 initial LCBs
Using scaled bp penalty: 111432
Pair (5,8) has 2 well-supported breakpoints
Pair 5, 9 has 324 initial LCBs
Using scaled bp penalty: 108690
Pair (5,9) has 2 well-supported breakpoints
Pair 5, 10 has 280 initial LCBs
Using scaled bp penalty: 115256
Pair (5,10) has 1 well-supported breakpoints
Pair 5, 11 has 286 initial LCBs
Using scaled bp penalty: 121702
Pair (5,11) has 2 well-supported breakpoints
Pair 5, 12 has 296 initial LCBs
Using scaled bp penalty: 103121
Pair (5,12) has 2 well-supported breakpoints
Pair 5, 13 has 213 initial LCBs
Using scaled bp penalty: 106837
Pair (5,13) has 2 well-supported breakpoints
Pair 5, 14 has 293 initial LCBs
Using scaled bp penalty: 99672.7
Pair (5,14) has 2 well-supported breakpoints
Pair 5, 15 has 287 initial LCBs
Using scaled bp penalty: 99248.5
Pair (5,15) has 2 well-supported breakpoints
Pair 5, 16 has 300 initial LCBs
Using scaled bp penalty: 113408
Pair (5,16) has 2 well-supported breakpoints
Pair 5, 17 has 560 initial LCBs
Using scaled bp penalty: 13319.3
Pair (5,17) has 1 well-supported breakpoints
Pair 6, 7 has 225 initial LCBs
Using scaled bp penalty: 114650
Pair (6,7) has 2 well-supported breakpoints
Pair 6, 8 has 283 initial LCBs
Using scaled bp penalty: 114782
Pair (6,8) has 1 well-supported breakpoints
Pair 6, 9 has 301 initial LCBs
Using scaled bp penalty: 109176
Pair (6,9) has 1 well-supported breakpoints
Pair 6, 10 has 270 initial LCBs
Using scaled bp penalty: 115458
Pair (6,10) has 1 well-supported breakpoints
Pair 6, 11 has 284 initial LCBs
Using scaled bp penalty: 121483
Pair (6,11) has 1 well-supported breakpoints
Pair 6, 12 has 256 initial LCBs
Using scaled bp penalty: 103115
Pair (6,12) has 1 well-supported breakpoints
Pair 6, 13 has 216 initial LCBs
Using scaled bp penalty: 106571
Pair (6,13) has 1 well-supported breakpoints
Pair 6, 14 has 262 initial LCBs
Using scaled bp penalty: 99507.8
Pair (6,14) has 1 well-supported breakpoints
Pair 6, 15 has 251 initial LCBs
Using scaled bp penalty: 98087.7
Pair (6,15) has 1 well-supported breakpoints
Pair 6, 16 has 309 initial LCBs
Using scaled bp penalty: 117022
Pair (6,16) has 1 well-supported breakpoints
Pair 6, 17 has 548 initial LCBs
Using scaled bp penalty: 12831.5
Pair (6,17) has 1 well-supported breakpoints
Pair 7, 8 has 230 initial LCBs
Using scaled bp penalty: 92269.2
Pair (7,8) has 2 well-supported breakpoints
Pair 7, 9 has 232 initial LCBs
Using scaled bp penalty: 91956.6
Pair (7,9) has 2 well-supported breakpoints
Pair 7, 10 has 217 initial LCBs
Using scaled bp penalty: 109942
Pair (7,10) has 1 well-supported breakpoints
Pair 7, 11 has 227 initial LCBs
Using scaled bp penalty: 103049
Pair (7,11) has 2 well-supported breakpoints
Pair 7, 12 has 260 initial LCBs
Using scaled bp penalty: 96747.7
Pair (7,12) has 2 well-supported breakpoints
Pair 7, 13 has 213 initial LCBs
Using scaled bp penalty: 108492
Pair (7,13) has 2 well-supported breakpoints
Pair 7, 14 has 267 initial LCBs
Using scaled bp penalty: 96398.8
Pair (7,14) has 2 well-supported breakpoints
Pair 7, 15 has 264 initial LCBs
Using scaled bp penalty: 96095.3
Pair (7,15) has 2 well-supported breakpoints
Pair 7, 16 has 266 initial LCBs
Using scaled bp penalty: 97114.1
Pair (7,16) has 2 well-supported breakpoints
Pair 7, 17 has 493 initial LCBs
Using scaled bp penalty: 8439.01
Pair (7,17) has 1 well-supported breakpoints
Pair 8, 9 has 180 initial LCBs
Using scaled bp penalty: 133779
Pair (8,9) has 1 well-supported breakpoints
Pair 8, 10 has 269 initial LCBs
Using scaled bp penalty: 97851.4
Pair (8,10) has 2 well-supported breakpoints
Pair 8, 11 has 168 initial LCBs
Using scaled bp penalty: 147383
Pair (8,11) has 1 well-supported breakpoints
Pair 8, 12 has 279 initial LCBs
Using scaled bp penalty: 90675
Pair (8,12) has 1 well-supported breakpoints
Pair 8, 13 has 255 initial LCBs
Using scaled bp penalty: 96764.7
Pair (8,13) has 1 well-supported breakpoints
Pair 8, 14 has 279 initial LCBs
Using scaled bp penalty: 87976.3
Pair (8,14) has 1 well-supported breakpoints
Pair 8, 15 has 274 initial LCBs
Using scaled bp penalty: 88863.5
Pair (8,15) has 1 well-supported breakpoints
Pair 8, 16 has 315 initial LCBs
Using scaled bp penalty: 96923.8
Pair (8,16) has 1 well-supported breakpoints
Pair 8, 17 has 534 initial LCBs
Using scaled bp penalty: 12328.7
Pair (8,17) has 2 well-supported breakpoints
Pair 9, 10 has 273 initial LCBs
Using scaled bp penalty: 95731.9
Pair (9,10) has 2 well-supported breakpoints
Pair 9, 11 has 1 initial LCBs
Using scaled bp penalty: 234489
Pair (9,11) has 1 well-supported breakpoints
Pair 9, 12 has 266 initial LCBs
Using scaled bp penalty: 87002.4
Pair (9,12) has 1 well-supported breakpoints
Pair 9, 13 has 247 initial LCBs
Using scaled bp penalty: 93141.5
Pair (9,13) has 1 well-supported breakpoints
Pair 9, 14 has 265 initial LCBs
Using scaled bp penalty: 81332.6
Pair (9,14) has 1 well-supported breakpoints
Pair 9, 15 has 267 initial LCBs
Using scaled bp penalty: 81795.3
Pair (9,15) has 1 well-supported breakpoints
Pair 9, 16 has 332 initial LCBs
Using scaled bp penalty: 92065.4
Pair (9,16) has 1 well-supported breakpoints
Pair 9, 17 has 537 initial LCBs
Using scaled bp penalty: 11436.2
Pair (9,17) has 1 well-supported breakpoints
Pair 10, 11 has 234 initial LCBs
Using scaled bp penalty: 107040
Pair (10,11) has 2 well-supported breakpoints
Pair 10, 12 has 83 initial LCBs
Using scaled bp penalty: 174526
Pair (10,12) has 2 well-supported breakpoints
Pair 10, 13 has 92 initial LCBs
Using scaled bp penalty: 189848
Pair (10,13) has 2 well-supported breakpoints
Pair 10, 14 has 81 initial LCBs
Using scaled bp penalty: 178610
Pair (10,14) has 2 well-supported breakpoints
Pair 10, 15 has 82 initial LCBs
Using scaled bp penalty: 178079
Pair (10,15) has 2 well-supported breakpoints
Pair 10, 16 has 270 initial LCBs
Using scaled bp penalty: 99988.3
Pair (10,16) has 2 well-supported breakpoints
Pair 10, 17 has 491 initial LCBs
Using scaled bp penalty: 10093.3
Pair (10,17) has 1 well-supported breakpoints
Pair 11, 12 has 246 initial LCBs
Using scaled bp penalty: 102446
Pair (11,12) has 1 well-supported breakpoints
Pair 11, 13 has 238 initial LCBs
Using scaled bp penalty: 113627
Pair (11,13) has 1 well-supported breakpoints
Pair 11, 14 has 255 initial LCBs
Using scaled bp penalty: 96272
Pair (11,14) has 1 well-supported breakpoints
Pair 11, 15 has 257 initial LCBs
Using scaled bp penalty: 95381.1
Pair (11,15) has 1 well-supported breakpoints
Pair 11, 16 has 299 initial LCBs
Using scaled bp penalty: 104115
Pair (11,16) has 1 well-supported breakpoints
Pair 11, 17 has 518 initial LCBs
Using scaled bp penalty: 12716.3
Pair (11,17) has 1 well-supported breakpoints
Pair 12, 13 has 65 initial LCBs
Using scaled bp penalty: 175332
Pair (12,13) has 1 well-supported breakpoints
Pair 12, 14 has 70 initial LCBs
Using scaled bp penalty: 153490
Pair (12,14) has 1 well-supported breakpoints
Pair 12, 15 has 71 initial LCBs
Using scaled bp penalty: 151970
Pair (12,15) has 1 well-supported breakpoints
Pair 12, 16 has 290 initial LCBs
Using scaled bp penalty: 90583.9
Pair (12,16) has 1 well-supported breakpoints
Pair 12, 17 has 486 initial LCBs
Using scaled bp penalty: 9689.68
Pair (12,17) has 2 well-supported breakpoints
Pair 13, 14 has 21 initial LCBs
Using scaled bp penalty: 187235
Pair (13,14) has 1 well-supported breakpoints
Pair 13, 15 has 22 initial LCBs
Using scaled bp penalty: 186433
Pair (13,15) has 1 well-supported breakpoints
Pair 13, 16 has 250 initial LCBs
Using scaled bp penalty: 97543.5
Pair (13,16) has 1 well-supported breakpoints
Pair 13, 17 has 452 initial LCBs
Using scaled bp penalty: 8989.14
Pair (13,17) has 2 well-supported breakpoints
Pair 14, 15 has 3 initial LCBs
Using scaled bp penalty: 189847
Pair (14,15) has 1 well-supported breakpoints
Pair 14, 16 has 282 initial LCBs
Using scaled bp penalty: 88774.3
Pair (14,16) has 1 well-supported breakpoints
Pair 14, 17 has 481 initial LCBs
Using scaled bp penalty: 7994
Pair (14,17) has 4 well-supported breakpoints
Pair 15, 16 has 276 initial LCBs
Using scaled bp penalty: 87771.9
Pair (15,16) has 1 well-supported breakpoints
Pair 15, 17 has 479 initial LCBs
Using scaled bp penalty: 7885.39
Pair (15,17) has 4 well-supported breakpoints
Pair 16, 17 has 515 initial LCBs
Using scaled bp penalty: 10838.6
Pair (16,17) has 2 well-supported breakpoints
genome content distance matrix:
0	0.196909	0.168671	0.235496	0.26594	0.271957	0.271889	0.290569	0.299551	0.304062	0.181134	0.283205	0.208109	0.194429	0.211449	0.211313	0.298249	0.594589
0.196909	0	0.0632665	0.184275	0.217177	0.230336	0.239542	0.238951	0.265039	0.263179	0.159647	0.230749	0.161091	0.128343	0.177026	0.176505	0.249836	0.59493
0.168671	0.0632665	0	0.167666	0.194058	0.207237	0.212979	0.220571	0.245197	0.244921	0.1254	0.213262	0.134395	0.109264	0.140547	0.139987	0.232562	0.580648
0.235496	0.184275	0.167666	0	0.0617824	0.090653	0.0897266	0.177928	0.18255	0.196711	0.17958	0.161655	0.194819	0.170062	0.20169	0.20318	0.179707	0.529551
0.26594	0.217177	0.194058	0.0617824	0	0.052468	0.0958634	0.212694	0.207639	0.219697	0.203414	0.185489	0.222202	0.205475	0.22484	0.225738	0.204892	0.535735
0.271957	0.230336	0.207237	0.090653	0.052468	0	0.0984249	0.209332	0.217627	0.222486	0.211	0.200192	0.232642	0.225821	0.239139	0.23995	0.214182	0.539975
0.271889	0.239542	0.212979	0.0897266	0.0958634	0.0984249	0	0.212039	0.211812	0.221617	0.210654	0.200552	0.232654	0.226303	0.239454	0.242182	0.207995	0.544246
0.290569	0.238951	0.220571	0.177928	0.212694	0.209332	0.212039	0	0.25368	0.254313	0.220257	0.232777	0.244784	0.22284	0.245466	0.24606	0.24407	0.589575
0.299551	0.265039	0.245197	0.18255	0.207639	0.217627	0.211812	0.25368	0	0.181049	0.242639	0.160979	0.256924	0.244751	0.262516	0.260664	0.24444	0.548777
0.304062	0.263179	0.244921	0.196711	0.219697	0.222486	0.221617	0.254313	0.181049	0	0.246774	0.0576943	0.264566	0.251922	0.276852	0.275825	0.254092	0.557176
0.181134	0.159647	0.1254	0.17958	0.203414	0.211	0.210654	0.220257	0.242639	0.246774	0	0.225454	0.124762	0.106154	0.119686	0.120341	0.238538	0.570791
0.283205	0.230749	0.213262	0.161655	0.185489	0.200192	0.200552	0.232777	0.160979	0.0576943	0.225454	0	0.233901	0.213803	0.245714	0.247465	0.2308	0.545273
0.208109	0.161091	0.134395	0.194819	0.222202	0.232642	0.232654	0.244784	0.256924	0.264566	0.124762	0.233901	0	0.123753	0.152419	0.154526	0.257111	0.575147
0.194429	0.128343	0.109264	0.170062	0.205475	0.225821	0.226303	0.22284	0.244751	0.251922	0.106154	0.213803	0.123753	0	0.109246	0.110201	0.243235	0.583044
0.211449	0.177026	0.140547	0.20169	0.22484	0.239139	0.239454	0.245466	0.262516	0.276852	0.119686	0.245714	0.152419	0.109246	0	0.106156	0.260849	0.595096
0.211313	0.176505	0.139987	0.20318	0.225738	0.23995	0.242182	0.24606	0.260664	0.275825	0.120341	0.247465	0.154526	0.110201	0.106156	0	0.262945	0.596478
0.298249	0.249836	0.232562	0.179707	0.204892	0.214182	0.207995	0.24407	0.24444	0.254092	0.238538	0.2308	0.257111	0.243235	0.260849	0.262945	0	0.563078
0.594589	0.59493	0.580648	0.529551	0.535735	0.539975	0.544246	0.589575	0.548777	0.557176	0.570791	0.545273	0.575147	0.583044	0.595096	0.596478	0.563078	0

bp distance matrix:
0.9	0.225	0.225	0.225	0.225	0.45	0.225	0.45	0.225	0.225	0.45	0.225	0.225	0.225	0.225	0.225	0.225	0.9
0.225	0.9	0.225	0.225	0.225	0.45	0.225	0.45	0.225	0.225	0.45	0.225	0.225	0.225	0.225	0.225	0.225	0.9
0.225	0.225	0.9	0.225	0.225	0.45	0.225	0.45	0.225	0.225	0.45	0.225	0.225	0.225	0.225	0.225	0.225	0.9
0.225	0.225	0.225	0.9	0.225	0.45	0.225	0.45	0.225	0.225	0.45	0.225	0.225	0.225	0.225	0.225	0.225	0.225
0.225	0.225	0.225	0.225	0.9	0.45	0.225	0.45	0.225	0.225	0.45	0.225	0.225	0.225	0.225	0.225	0.225	0.225
0.45	0.45	0.45	0.45	0.45	0.9	0.45	0.225	0.45	0.45	0.225	0.45	0.45	0.45	0.45	0.45	0.45	0.225
0.225	0.225	0.225	0.225	0.225	0.45	0.9	0.45	0.225	0.225	0.225	0.225	0.225	0.225	0.225	0.225	0.225	0.225
0.45	0.45	0.45	0.45	0.45	0.225	0.45	0.9	0.45	0.45	0.225	0.45	0.45	0.45	0.45	0.45	0.45	0.225
0.225	0.225	0.225	0.225	0.225	0.45	0.225	0.45	0.9	0.225	0.45	0.225	0.225	0.225	0.225	0.225	0.225	0.45
0.225	0.225	0.225	0.225	0.225	0.45	0.225	0.45	0.225	0.9	0.45	0.225	0.225	0.225	0.225	0.225	0.225	0.225
0.45	0.45	0.45	0.45	0.45	0.225	0.225	0.225	0.45	0.45	0.9	0.45	0.45	0.45	0.45	0.45	0.45	0.225
0.225	0.225	0.225	0.225	0.225	0.45	0.225	0.45	0.225	0.225	0.45	0.9	0.225	0.225	0.225	0.225	0.225	0.225
0.225	0.225	0.225	0.225	0.225	0.45	0.225	0.45	0.225	0.225	0.45	0.225	0.9	0.225	0.225	0.225	0.225	0.45
0.225	0.225	0.225	0.225	0.225	0.45	0.225	0.45	0.225	0.225	0.45	0.225	0.225	0.9	0.225	0.225	0.225	0.45
0.225	0.225	0.225	0.225	0.225	0.45	0.225	0.45	0.225	0.225	0.45	0.225	0.225	0.225	0.9	0.225	0.225	0.9
0.225	0.225	0.225	0.225	0.225	0.45	0.225	0.45	0.225	0.225	0.45	0.225	0.225	0.225	0.225	0.9	0.225	0.9
0.225	0.225	0.225	0.225	0.225	0.45	0.225	0.45	0.225	0.225	0.45	0.225	0.225	0.225	0.225	0.225	0.9	0.45
0.9	0.9	0.9	0.225	0.225	0.225	0.225	0.225	0.45	0.225	0.225	0.225	0.45	0.45	0.9	0.9	0.45	0.9

Aligning...
Aligning node 23 to 24 via 22!
get ancestral matches
Performing Sum-of-pairs Greedy Breakpoint Elimination
construct LCB tracking matches
There are 90 tracking matches
There are 180 / 3150 components used
init tracking match LCB tracking
pairwise score tracking matches
get pairwise LCBs
there are 19 pairwise LCBs
scaling bp penalty by conservation weight:
0.052468


scaling bp penalty by bp weight: 
0.45

Greedy BPE
Scoring with scaled breakpoint penalty: 24173.3
5%..
10%..15%..
21%..26%..
31%..36%..
42%..done
Arrived at 2 intervals
Adding unaligned intervals
addUnalignedIntervals yields 5 intervals
Merging unaligned intervals
Marbling gaps
Propagating descendant breakpoints
descendant 0(23) has 1 intervals
descendant 1(24) has 1 intervals
propagateDescendantBreakpoints yields 2 intervals
Creating ancestral ordering
Previous anchoring score: -1.79769e+308, new anchor score: 1.0066e+06
Backing up alignment tree...
propagating ancestral breakpoints
recursive anchor search
0,0 have 2 new matches outside LCBs
0,0 has an additional 4 matches
Restoring backed up alignment tree...
5,4 has 4 pairwise matches
Performing Sum-of-pairs Greedy Breakpoint Elimination
construct LCB tracking matches
There are 84 tracking matches
There are 168 / 2940 components used
init tracking match LCB tracking
pairwise score tracking matches
get pairwise LCBs
there are 4 pairwise LCBs
scaling bp penalty by conservation weight:
0.052468


scaling bp penalty by bp weight: 
0.45

Greedy BPE
Scoring with scaled breakpoint penalty: 24173.3

25%..done
Arrived at 2 intervals
Adding unaligned intervals
addUnalignedIntervals yields 5 intervals
Merging unaligned intervals
Marbling gaps
Propagating descendant breakpoints
descendant 0(23) has 1 intervals
descendant 1(24) has 1 intervals
propagateDescendantBreakpoints yields 2 intervals
Creating ancestral ordering
Previous anchoring score: 1.0066e+06, new anchor score: 1.06971e+06
Backing up alignment tree...
propagating ancestral breakpoints
recursive anchor search
0,0 have 0 new matches outside LCBs
Restoring backed up alignment tree...
5,4 has 0 pairwise matches
Performing Sum-of-pairs Greedy Breakpoint Elimination
construct LCB tracking matches
There are 83 tracking matches
There are 166 / 2905 components used
init tracking match LCB tracking
pairwise score tracking matches
get pairwise LCBs
there are 2 pairwise LCBs
scaling bp penalty by conservation weight:
0.052468


scaling bp penalty by bp weight: 
0.45

Greedy BPE
Scoring with scaled breakpoint penalty: 24173.3
done
Arrived at 2 intervals
Adding unaligned intervals
addUnalignedIntervals yields 5 intervals
Merging unaligned intervals
Marbling gaps
Propagating descendant breakpoints
descendant 0(23) has 1 intervals
descendant 1(24) has 1 intervals
propagateDescendantBreakpoints yields 2 intervals
Creating ancestral ordering
Previous anchoring score: 1.06971e+06, new anchor score: 1.06971e+06
propagating ancestral breakpoints
performing a gapped alignment

0%..
39%..
100%..Fix left ends

done.
Aligning node 15 to 16 via 14!
get ancestral matches
Performing Sum-of-pairs Greedy Breakpoint Elimination
construct LCB tracking matches
There are 289 tracking matches
There are 578 / 10115 components used
init tracking match LCB tracking
pairwise score tracking matches
get pairwise LCBs
there are 1 pairwise LCBs
scaling bp penalty by conservation weight:
0.0576943


scaling bp penalty by bp weight: 
0.225

Greedy BPE
Scoring with scaled breakpoint penalty: 46946.7
done
Arrived at 1 intervals
Adding unaligned intervals
addUnalignedIntervals yields 3 intervals
Merging unaligned intervals
Marbling gaps
Propagating descendant breakpoints
descendant 0(15) has 1 intervals
descendant 1(16) has 1 intervals
propagateDescendantBreakpoints yields 1 intervals
Creating ancestral ordering
Previous anchoring score: -1.79769e+308, new anchor score: 1.24862e+06
Backing up alignment tree...
propagating ancestral breakpoints
recursive anchor search
0,0 have 0 new matches outside LCBs
Restoring backed up alignment tree...
11,9 has 0 pairwise matches
Performing Sum-of-pairs Greedy Breakpoint Elimination
construct LCB tracking matches
There are 289 tracking matches
There are 578 / 10115 components used
init tracking match LCB tracking
pairwise score tracking matches
get pairwise LCBs
there are 1 pairwise LCBs
scaling bp penalty by conservation weight:
0.0576943


scaling bp penalty by bp weight: 
0.225

Greedy BPE
Scoring with scaled breakpoint penalty: 46946.7
done
Arrived at 1 intervals
Adding unaligned intervals
addUnalignedIntervals yields 3 intervals
Merging unaligned intervals
Marbling gaps
Propagating descendant breakpoints
descendant 0(15) has 1 intervals
descendant 1(16) has 1 intervals
propagateDescendantBreakpoints yields 1 intervals
Creating ancestral ordering
Previous anchoring score: 1.24862e+06, new anchor score: 1.24862e+06
propagating ancestral breakpoints
performing a gapped alignment

0%..
100%..Fix left ends

done.
Aligning node 6 to 7 via 5!
get ancestral matches
Performing Sum-of-pairs Greedy Breakpoint Elimination
construct LCB tracking matches
There are 31 tracking matches
There are 62 / 1085 components used
init tracking match LCB tracking
pairwise score tracking matches
get pairwise LCBs
there are 9 pairwise LCBs
scaling bp penalty by conservation weight:
0.0632665


scaling bp penalty by bp weight: 
0.225

Greedy BPE
Scoring with scaled breakpoint penalty: 45846

11%..
22%..
33%..done
Arrived at 4 intervals
Adding unaligned intervals
addUnalignedIntervals yields 13 intervals
Merging unaligned intervals
Marbling gaps
Propagating descendant breakpoints
descendant 0(6) has 1 intervals
descendant 1(7) has 1 intervals
propagateDescendantBreakpoints yields 4 intervals
Creating ancestral ordering
Previous anchoring score: -1.79769e+308, new anchor score: 848694
Backing up alignment tree...
propagating ancestral breakpoints
recursive anchor search
0,0 have 11 new matches outside LCBs
0,0 has an additional 13 matches
Restoring backed up alignment tree...
2,1 has 13 pairwise matches
Performing Sum-of-pairs Greedy Breakpoint Elimination
construct LCB tracking matches
There are 40 tracking matches
There are 80 / 1400 components used
init tracking match LCB tracking
pairwise score tracking matches
get pairwise LCBs
there are 13 pairwise LCBs
scaling bp penalty by conservation weight:
0.0632665


scaling bp penalty by bp weight: 
0.225

Greedy BPE
Scoring with scaled breakpoint penalty: 45846
7%..
15%..
23%..
30%..38%..
46%..done
Arrived at 4 intervals
Adding unaligned intervals
addUnalignedIntervals yields 13 intervals
Merging unaligned intervals
Marbling gaps
Propagating descendant breakpoints
descendant 0(6) has 1 intervals
descendant 1(7) has 1 intervals
propagateDescendantBreakpoints yields 4 intervals
Creating ancestral ordering
Previous anchoring score: 848694, new anchor score: 955876
Backing up alignment tree...
propagating ancestral breakpoints
recursive anchor search
0,0 have 11 new matches outside LCBs
0,0 has an additional 11 matches
Restoring backed up alignment tree...
2,1 has 11 pairwise matches
Performing Sum-of-pairs Greedy Breakpoint Elimination
construct LCB tracking matches
There are 40 tracking matches
There are 80 / 1400 components used
init tracking match LCB tracking
pairwise score tracking matches
get pairwise LCBs
there are 13 pairwise LCBs
scaling bp penalty by conservation weight:
0.0632665


scaling bp penalty by bp weight: 
0.225

Greedy BPE
Scoring with scaled breakpoint penalty: 45846
7%..
15%..
23%..
30%..38%..
46%..done
Arrived at 4 intervals
Adding unaligned intervals
addUnalignedIntervals yields 13 intervals
Merging unaligned intervals
Marbling gaps
Propagating descendant breakpoints
descendant 0(6) has 1 intervals
descendant 1(7) has 1 intervals
propagateDescendantBreakpoints yields 4 intervals
Creating ancestral ordering
Previous anchoring score: 955876, new anchor score: 955876
propagating ancestral breakpoints
performing a gapped alignment

0%..
16%..
87%..
100%..Fix left ends

done.
Aligning node 22 to 25 via 21!
get ancestral matches
Performing Sum-of-pairs Greedy Breakpoint Elimination
construct LCB tracking matches
There are 460 tracking matches
There are 1813 / 16100 components used
init tracking match LCB tracking
pairwise score tracking matches
get pairwise LCBs
there are 119 pairwise LCBs
scaling bp penalty by conservation weight:
0.0958634
0.0984249


scaling bp penalty by bp weight: 
0.225
0.45

Greedy BPE
Scoring with scaled breakpoint penalty: 39790
1%..2%..3%..4%..5%..6%..7%..8%..9%..
10%..11%..12%..13%..14%..15%..16%..17%..18%..19%..
20%..21%..22%..23%..24%..25%..done
Arrived at 2 intervals
Adding unaligned intervals
addUnalignedIntervals yields 5 intervals
Merging unaligned intervals
Marbling gaps
Propagating descendant breakpoints
descendant 0(22) has 2 intervals
descendant 1(25) has 1 intervals
propagateDescendantBreakpoints yields 3 intervals
Creating ancestral ordering
Previous anchoring score: -1.79769e+308, new anchor score: 1.72725e+06
Backing up alignment tree...
propagating ancestral breakpoints
recursive anchor search
0,0 have 19 new matches outside LCBs
1,0 have 6 new matches outside LCBs
0,0 has an additional 37 matches
1,0 has an additional 22 matches
Restoring backed up alignment tree...
4,6 has 37 pairwise matches
5,6 has 22 pairwise matches
Performing Sum-of-pairs Greedy Breakpoint Elimination
construct LCB tracking matches
There are 446 tracking matches
There are 1765 / 15610 components used
init tracking match LCB tracking
pairwise score tracking matches
get pairwise LCBs
there are 52 pairwise LCBs
scaling bp penalty by conservation weight:
0.0958634
0.0984249


scaling bp penalty by bp weight: 
0.225
0.45

Greedy BPE
Scoring with scaled breakpoint penalty: 39790
1%..3%..5%..7%..9%..
11%..13%..15%..17%..19%..
21%..23%..25%..26%..28%..done
Arrived at 2 intervals
Adding unaligned intervals
addUnalignedIntervals yields 5 intervals
Merging unaligned intervals
Marbling gaps
Propagating descendant breakpoints
descendant 0(22) has 2 intervals
descendant 1(25) has 1 intervals
propagateDescendantBreakpoints yields 3 intervals
Creating ancestral ordering
Previous anchoring score: 1.72725e+06, new anchor score: 1.77361e+06
Backing up alignment tree...
propagating ancestral breakpoints
recursive anchor search
0,0 have 19 new matches outside LCBs
1,0 have 6 new matches outside LCBs
0,0 has an additional 32 matches
1,0 has an additional 14 matches
Restoring backed up alignment tree...
4,6 has 32 pairwise matches
5,6 has 14 pairwise matches
Performing Sum-of-pairs Greedy Breakpoint Elimination
construct LCB tracking matches
There are 447 tracking matches
There are 1769 / 15645 components used
init tracking match LCB tracking
pairwise score tracking matches
get pairwise LCBs
there are 52 pairwise LCBs
scaling bp penalty by conservation weight:
0.0958634
0.0984249


scaling bp penalty by bp weight: 
0.225
0.45

Greedy BPE
Scoring with scaled breakpoint penalty: 39790
1%..3%..5%..7%..9%..
11%..13%..15%..17%..19%..
21%..23%..25%..26%..28%..done
Arrived at 2 intervals
Adding unaligned intervals
addUnalignedIntervals yields 5 intervals
Merging unaligned intervals
Marbling gaps
Propagating descendant breakpoints
